start,type,latency,code
1687904785318,POST,220,201
1687904785318,POST,220,201
1687904785318,POST,220,201
1687904785318,POST,220,201
1687904785318,POST,220,201
1687904785318,POST,220,201
1687904785318,POST,220,201
1687904785318,POST,220,201
1687904785318,POST,220,201
1687904785318,POST,220,201
1687904785318,POST,220,201
1687904785318,POST,220,201
1687904785318,POST,220,201
1687904785318,POST,220,201
1687904785318,POST,220,201
1687904785318,POST,220,201
1687904785318,POST,220,201
1687904785318,POST,220,201
1687904785318,POST,220,201
1687904785318,POST,220,201
1687904785318,POST,220,201
1687904785318,POST,220,201
1687904785318,POST,220,201
1687904785318,POST,220,201
1687904785318,POST,220,201
1687904785318,POST,220,201
1687904785318,POST,220,201
1687904785318,POST,220,201
1687904785318,POST,220,201
1687904785318,POST,220,201
1687904785318,POST,220,201
1687904785318,POST,220,201
1687904785318,POST,220,201
1687904785318,POST,220,201
1687904785318,POST,220,201
1687904785318,POST,220,201
1687904785318,POST,220,201
1687904785318,POST,220,201
1687904785318,POST,220,201
1687904785318,POST,220,201
1687904785318,POST,220,201
1687904785318,POST,220,201
1687904785318,POST,220,201
1687904785318,POST,220,201
1687904785318,POST,220,201
1687904785318,POST,220,201
1687904785318,POST,220,201
1687904785318,POST,220,201
1687904785318,POST,220,201
1687904785318,POST,220,201
1687904785541,POST,4,201
1687904785541,POST,4,201
1687904785541,POST,4,201
1687904785541,POST,4,201
1687904785541,POST,4,201
1687904785541,POST,4,201
1687904785541,POST,4,201
1687904785542,POST,4,201
1687904785541,POST,5,201
1687904785541,POST,6,201
1687904785542,POST,5,201
1687904785541,POST,6,201
1687904785541,POST,7,201
1687904785541,POST,7,201
1687904785542,POST,6,201
1687904785542,POST,6,201
1687904785541,POST,7,201
1687904785542,POST,7,201
1687904785543,POST,6,201
1687904785542,POST,7,201
1687904785542,POST,8,201
1687904785542,POST,8,201
1687904785544,POST,6,201
1687904785542,POST,8,201
1687904785544,POST,6,201
1687904785542,POST,8,201
1687904785543,POST,7,201
1687904785543,POST,7,201
1687904785543,POST,7,201
1687904785543,POST,7,201
1687904785543,POST,7,201
1687904785544,POST,6,201
1687904785542,POST,8,201
1687904785544,POST,6,201
1687904785541,POST,10,201
1687904785543,POST,8,201
1687904785544,POST,7,201
1687904785542,POST,9,201
1687904785542,POST,9,201
1687904785544,POST,7,201
1687904785544,POST,7,201
1687904785544,POST,8,201
1687904785544,POST,8,201
1687904785544,POST,8,201
1687904785544,POST,8,201
1687904785544,POST,8,201
1687904785544,POST,8,201
1687904785544,POST,8,201
1687904785544,POST,8,201
1687904785544,POST,9,201
